459
421
697
152
269
642
188
600
465
230
790
125
444
237
615
696
491
78
714
732
166
914
924
138
190
229
661
446
629
648
525
338
99
490
497
697
350
1
578
817
323
652
274
736
552
490
542
423
557
397
841
703
249
75
629
744
966
311
442
967
559
778
570
200
695
263
287
195
246
394
44
933
864
363
142
957
149
468
916
258
321
558
223
868
416
531
421
635
16
868
985
878
589
363
576
964
921
622
519
377
775
24
110
753
496
351
574
332
428
735
640
443
474
879
168
342
243
989
754
782
725
545
896
916
781
340
207
518
177
161
128
947
650
128
893
601
470
891
348
362
87
162
167
177
799
595
864
807
922
981
813
242
129
852
615
733
261
127
480
88
580
368
706
180
215
385
854
604
387
774
556
511
724
642
923
339
54
400
654
888
968
762
405
332
731
261
214
757
491
594
467
261
86
530
143
621
60
822
564
820
38
42
473
970
212
446
680
107
98
713
143
337
526
161
799
248
952
932
255
164
643
344
988
38
248
581
372
419
716
182
250
85
127
495
215
199
315
60
165
134
398
754
453
909
693
896
985
80
739
157
570
828
585
603
357
764
150
519
949
399
755
907
400
417
86
568
908
996
885
825
323
527
396
719
778
132
42
72
557
83
208
550
363
948
377
278
213
568
553
505
465
848
537
738
858
915
631
371
112
402
820
457
814
263
148
739
572
599
170
274
711
45
609
87
459
866
627
329
161
299
377
866
884
963
422
10
520
91
271
521
916
158
147
419
993
463
575
78
95
87
63
142
784
731
634
140
456
670
201
709
364
654
568
318
395
364
1000
778
31
108
843
536
149
174
299
311
525
557
294
226
105
28
395
210
854
116
963
573
45
971
173
984
843
264
800
977
403
539
182
82
517
260
59
445
544
839
671
700
58
449
660
193
989
430
112
279
341
884
458
328
579
517
228
967
805
481
753
995
788
540
924
712
114
752
404
998
739
851
23
337
236
684
308
584
408
399
993
348
985
102
177
796
852
371
623
241
180
648
899
981
257
906
203
269
850
208
895
417
676
259
780
165
205
31
888
773
126
359
361
806
487
704
663
633
129
576
507
202
528
959
863
879
634
737
520
767
678
459
287
234
444
442
141
738
349
752
885
478
43
702
816
766
903
760
10
120
203
325
345
700
214
33
890
596
562
181
67
484
305
600
418
725
644
812
116
943
312
171
396
439
472
521
865
898
755
498
746
790
33
339
248
488
360
666
584
182
607
119
424
731
373
606
617
798
243
766
97
753
647
672
9
212
236
797
159
127
75
853
561
66
56
862
95
715
864
76
275
862
276
262
31
960
741
37
611
530
525
438
847
547
883
60
916
968
727
50
549
674
133
575
627
996
855
517
569
993
572
86
726
909
619
619
737
276
934
22
129
96
945
303
554
470
301
750
822
264
871
178
545
339
464
848
839
111
580
429
727
635
804
721
643
126
102
221
385
309
835
178
566
781
675
304
195
892
906
333
538
354
716
636
609
1
462
79
920
648
463
560
689
706
121
756
301
671
743
835
344
904
804
442
125
555
485
684
220
142
259
345
875
43
229
392
592
649
282
11
230
926
520
30
609
570
67
322
399
344
166
619
364
430
885
141
850
185
564
342
24
453
584
608
402
96
951
632
40
983
167
354
517
534
587
345
313
655
78
785
736
612
464
692
879
402
650
196
325
402
617
608
137
312
378
669
74
517
1000
932
538
818
18
864
765
155
26
540
134
329
659
820
152
711
422
134
339
82
883
961
582
455
464
831
411
708
611
14
840
517
212
99
583
470
404
571
477
79
321
243
2
907
175
108
922
347
494
869
537
809
425
875
745
366
158
640
717
908
562
847
210
861
443
714
362
379
132
922
459
441
218
185
746
375
935
128
349
169
744
976
936
367
474
199
711
329
631
874
47
50
425
901
13
623
967
289
440
708
592
419
382
912
363
894
773
461
641
863
251
425
402
350
387
970
777
19
927
615
548
119
309
334
6
657
513
878
907
34
11
928
739
164
325
659
294
575
236
945
440
450
475
540
863
586
531
658
761
325
407
967
246
216
66
30
791
820
522
80
712
861
335
307
544
720
239
404
386
494
563
252
812
362
1
655
344
998
558
463
970
870
545
845
26
857
834
167
335
123
833
494
662
828
359
256
895
412
391
787
277
559
698
763
852
152
571
526
457
689
311
681
143
84
933
655
11
16
501
829
766
652
372
294
651
280
71
160
917
811
975
803
287
682
165
27
914
669
764
701
706
912
576
303
669
969